0 0 3530 2500
200
850 309
437 377
1055 1940
2941 1108
3291 103
2932 344
1808 1244
2757 2118
1927 355
2621 650
3371 1070
168 518
2463 963
3300 1395
3272 761
1364 589
970 1802
3401 1803
3360 2032
396 1932
269 1206
876 1502
2215 998
1934 2206
2580 1972
1137 1515
1528 1445
1681 1718
2149 1913
3461 1589
1847 859
1874 118
225 83
1312 2192
2230 2279
2073 1103
3417 571
3455 1298
1093 2223
3255 445
1420 846
986 99
2525 330
597 1412
736 1861
1941 1776
967 800
1220 452
160 1713
2967 686
2140 2460
992 443
2680 1441
2117 837
1665 393
502 2345
174 2461
3465 834
55 1088
604 962
594 2187
625 170
2806 499
2371 88
2506 1253
1490 1722
797 844
3149 2254
693 343
2116 126
148 2166
2654 858
1799 1484
2566 490
924 2384
2240 1224
2241 605
2855 2373
88 1548
2932 1412
882 1233
1680 2190
3506 1953
675 2363
1695 714
236 798
33 1329
1292 1326
3460 2362
3394 281
1675 1885
1554 1202
1561 2067
1450 2306
394 1659
2973 1624
431 122
1748 1087
2635 69
3309 2221
3013 529
2055 565
2858 76
537 2032
2996 2197
2725 1610
2034 1449
400 1311
3163 285
2960 1844
2268 2074
432 716
1429 39
1119 207
3074 989
1281 1665
254 1424
228 1933
891 2119
1166 1053
3221 1687
465 1103
1476 289
3152 1289
1795 2073
2059 1654
664 747
1712 2447
3108 772
67 23
2601 1091
2860 908
2415 1714
268 337
343 2108
3301 2465
1991 2361
1377 1147
2764 1226
1549 1020
355 963
1233 895
1047 1209
1153 1767
2379 2438
2491 2284
493 541
2254 1621
813 675
3159 1895
2649 1766
2368 734
3044 2382
1631 234
1335 1932
1340 2451
2420 2014
3078 38
819 473
317 2340
665 1650
2381 459
679 1144
1301 1504
1850 584
898 1042
570 1858
3497 154
2766 1907
26 925
34 390
1580 856
1734 20
3109 1515
2693 2415
56 2322
42 1836
2368 1490
455 1506
2076 1282
660 518
3055 2043
2764 246
1100 651
1980 727
2001 2059
1110 2407
1300 197
717 2022
2246 247
2657 2258
1538 2443
1527 559
1898 1015
61 727
2134 407
755 47
2205 1425
20 195
1146 33
