0 0 3530 2500
100
3013 529
2055 565
2858 76
537 2032
2996 2197
2725 1610
2034 1449
400 1311
3163 285
2960 1844
2268 2074
432 716
1429 39
1119 207
3074 989
1281 1665
254 1424
228 1933
891 2119
1166 1053
3221 1687
465 1103
1476 289
3152 1289
1795 2073
2059 1654
664 747
1712 2447
3108 772
67 23
2601 1091
2860 908
2415 1714
268 337
343 2108
3301 2465
1991 2361
1377 1147
2764 1226
1549 1020
355 963
1233 895
1047 1209
1153 1767
2379 2438
2491 2284
493 541
2254 1621
813 675
3159 1895
2649 1766
2368 734
3044 2382
1631 234
1335 1932
1340 2451
2420 2014
3078 38
819 473
317 2340
665 1650
2381 459
679 1144
1301 1504
1850 584
898 1042
570 1858
3497 154
2766 1907
26 925
34 390
1580 856
1734 20
3109 1515
2693 2415
56 2322
42 1836
2368 1490
455 1506
2076 1282
660 518
3055 2043
2764 246
1100 651
1980 727
2001 2059
1110 2407
1300 197
717 2022
2246 247
2657 2258
1538 2443
1527 559
1898 1015
61 727
2134 407
755 47
2205 1425
20 195
1146 33
