0 0 3530 2500
100
850 309
437 377
1055 1940
2941 1108
3291 103
2932 344
1808 1244
2757 2118
1927 355
2621 650
3371 1070
168 518
2463 963
3300 1395
3272 761
1364 589
970 1802
3401 1803
3360 2032
396 1932
269 1206
876 1502
2215 998
1934 2206
2580 1972
1137 1515
1528 1445
1681 1718
2149 1913
3461 1589
1847 859
1874 118
225 83
1312 2192
2230 2279
2073 1103
3417 571
3455 1298
1093 2223
3255 445
1420 846
986 99
2525 330
597 1412
736 1861
1941 1776
967 800
1220 452
160 1713
2967 686
2140 2460
992 443
2680 1441
2117 837
1665 393
502 2345
174 2461
3465 834
55 1088
604 962
594 2187
625 170
2806 499
2371 88
2506 1253
1490 1722
797 844
3149 2254
693 343
2116 126
148 2166
2654 858
1799 1484
2566 490
924 2384
2240 1224
2241 605
2855 2373
88 1548
2932 1412
882 1233
1680 2190
3506 1953
675 2363
1695 714
236 798
33 1329
1292 1326
3460 2362
3394 281
1675 1885
1554 1202
1561 2067
1450 2306
394 1659
2973 1624
431 122
1748 1087
2635 69
3309 2221