0 0 2970 2100
100
2286 380
2600 1429
1237 1261
2685 411
2299 930
589 635
376 286
2619 1142
903 709
951 1290
2026 1103
2362 1259
1185 1116
825 850
2184 1912
1425 930
2720 101
2217 763
2034 257
132 229
205 922
2133 1761
1697 272
1641 429
1848 804
2618 899
926 232
2789 1504
804 1994
1147 1489
1623 1748
2671 1862
2468 1849
2534 493
910 492
2100 1628
1250 101
1387 1834
370 1835
2024 470
589 1973
2352 1576
526 1054
2747 1625
2585 713
1798 442
2212 1351
1842 227
722 1271
117 428
868 1857
2024 637
1650 1533
1487 260
2124 136
93 1904
579 1437
1046 440
1448 770
2742 801
272 666
578 936
1311 1373
578 408
1288 281
2812 956
953 1448
890 1154
1399 1079
2309 1062
1459 1988
282 1603
2482 803
2033 1873
155 1384
1251 1748
1858 1649
1140 1908
1712 1200
1815 1789
2294 519
1296 683
315 790
409 1328
683 1060
1608 561
1582 1095
844 1530
2082 906
100 826
1393 1701
1037 1648
508 1215
484 1601
1965 1983
1692 768
444 808
1926 1262
335 1056
957 979
