0 0 2970 2100
100
1779 1006
2185 285
2831 1929
1599 1309
182 1211
2796 568
2410 345
2165 495
2577 185
455 528
1059 1793
2657 537
567 231
1515 1642
822 993
1489 424
2623 1580
2565 335
2754 1132
337 1441
2830 270
1481 1189
2525 1721
270 1981
799 1400
1420 614
2487 1513
514 1747
1236 1601
1965 115
2314 100
1104 961
2150 1050
1592 1933
2173 1225
2703 234
1971 1544
2373 1754
1795 99
699 513
2381 1393
1745 1387
1124 705
698 1521
2496 1327
2341 720
1761 1932
671 1733
1555 929
2528 1000
668 806
1406 138
1900 542
1520 1494
2878 773
1148 1356
2330 1921
712 1884
885 89
1162 512
2177 1491
98 1096
2021 1425
1191 369
801 1705
690 149
363 424
2876 1780
384 155
448 672
243 1742
1443 1328
745 386
998 622
1020 1177
141 1591
179 98
1832 1516
1004 820
1234 997
2879 1268
1355 404
997 1914
237 364
1395 1555
1322 1992
116 597
409 949
241 502
358 1188
2480 2005
2465 1162
2744 1320
1223 815
2876 444
2206 619
2026 768
1932 1013
1629 92
1300 551
