0 0 2970 2100
200
2286 380
2600 1429
1237 1261
2685 411
2299 930
589 635
376 286
2619 1142
903 709
951 1290
2026 1103
2362 1259
1185 1116
825 850
2184 1912
1425 930
2720 101
2217 763
2034 257
132 229
205 922
2133 1761
1697 272
1641 429
1848 804
2618 899
926 232
2789 1504
804 1994
1147 1489
1623 1748
2671 1862
2468 1849
2534 493
910 492
2100 1628
1250 101
1387 1834
370 1835
2024 470
589 1973
2352 1576
526 1054
2747 1625
2585 713
1798 442
2212 1351
1842 227
722 1271
117 428
868 1857
2024 637
1650 1533
1487 260
2124 136
93 1904
579 1437
1046 440
1448 770
2742 801
272 666
578 936
1311 1373
578 408
1288 281
2812 956
953 1448
890 1154
1399 1079
2309 1062
1459 1988
282 1603
2482 803
2033 1873
155 1384
1251 1748
1858 1649
1140 1908
1712 1200
1815 1789
2294 519
1296 683
315 790
409 1328
683 1060
1608 561
1582 1095
844 1530
2082 906
100 826
1393 1701
1037 1648
508 1215
484 1601
1965 1983
1692 768
444 808
1926 1262
335 1056
957 979
1779 1006
2185 285
2831 1929
1599 1309
182 1211
2796 568
2410 345
2165 495
2577 185
455 528
1059 1793
2657 537
567 231
1515 1642
822 993
1489 424
2623 1580
2565 335
2754 1132
337 1441
2830 270
1481 1189
2525 1721
270 1981
799 1400
1420 614
2487 1513
514 1747
1236 1601
1965 115
2314 100
1104 961
2150 1050
1592 1933
2173 1225
2703 234
1971 1544
2373 1754
1795 99
699 513
2381 1393
1745 1387
1124 705
698 1521
2496 1327
2341 720
1761 1932
671 1733
1555 929
2528 1000
668 806
1406 138
1900 542
1520 1494
2878 773
1148 1356
2330 1921
712 1884
885 89
1162 512
2177 1491
98 1096
2021 1425
1191 369
801 1705
690 149
363 424
2876 1780
384 155
448 672
243 1742
1443 1328
745 386
998 622
1020 1177
141 1591
179 98
1832 1516
1004 820
1234 997
2879 1268
1355 404
997 1914
237 364
1395 1555
1322 1992
116 597
409 949
241 502
358 1188
2480 2005
2465 1162
2744 1320
1223 815
2876 444
2206 619
2026 768
1932 1013
1629 92
1300 551
