0 0 2970 2100
12 8
384.5 349.5
584.5 349.5
784.5 349.5
984.5 349.5
1184.5 349.5
1384.5 349.5
1584.5 349.5
1784.5 349.5
1984.5 349.5
2184.5 349.5
2384.5 349.5
2584.5 349.5
384.5 549.5
584.5 549.5
784.5 549.5
984.5 549.5
1184.5 549.5
1384.5 549.5
1584.5 549.5
1784.5 549.5
1984.5 549.5
2184.5 549.5
2384.5 549.5
2584.5 549.5
384.5 749.5
584.5 749.5
784.5 749.5
984.5 749.5
1184.5 749.5
1384.5 749.5
1584.5 749.5
1784.5 749.5
1984.5 749.5
2184.5 749.5
2384.5 749.5
2584.5 749.5
384.5 949.5
584.5 949.5
784.5 949.5
984.5 949.5
1184.5 949.5
1384.5 949.5
1584.5 949.5
1784.5 949.5
1984.5 949.5
2184.5 949.5
2384.5 949.5
2584.5 949.5
384.5 1149.5
584.5 1149.5
784.5 1149.5
984.5 1149.5
1184.5 1149.5
1384.5 1149.5
1584.5 1149.5
1784.5 1149.5
1984.5 1149.5
2184.5 1149.5
2384.5 1149.5
2584.5 1149.5
384.5 1349.5
584.5 1349.5
784.5 1349.5
984.5 1349.5
1184.5 1349.5
1384.5 1349.5
1584.5 1349.5
1784.5 1349.5
1984.5 1349.5
2184.5 1349.5
2384.5 1349.5
2584.5 1349.5
384.5 1549.5
584.5 1549.5
784.5 1549.5
984.5 1549.5
1184.5 1549.5
1384.5 1549.5
1584.5 1549.5
1784.5 1549.5
1984.5 1549.5
2184.5 1549.5
2384.5 1549.5
2584.5 1549.5
384.5 1749.5
584.5 1749.5
784.5 1749.5
984.5 1749.5
1184.5 1749.5
1384.5 1749.5
1584.5 1749.5
1784.5 1749.5
1984.5 1749.5
2184.5 1749.5
2384.5 1749.5
2584.5 1749.5
