0 0 3600 2400
100
749 1590
2956 370
2164 885
1774 1498
1208 485
3427 542
565 1984
2664 345
64 632
328 1333
1787 602
1692 1705
566 769
570 46
1058 1023
2666 1295
3381 1398
17 1178
1259 272
276 740
1365 1832
2450 650
888 554
2675 2232
3090 2124
1421 1117
214 1961
1926 1388
3227 801
250 1453
128 2196
1692 742
3355 717
1088 902
2682 1507
668 1596
1494 545
1677 2008
2845 27
1494 1699
1812 2060
3007 1023
733 825
572 2270
990 1528
2358 148
207 627
2376 490
1094 85
2838 1684
2986 541
933 1767
165 1202
2578 699
2437 87
680 1012
3517 2259
1443 2251
1899 55
884 1057
3211 372
1317 1012
1569 340
2346 1015
2198 205
1778 747
564 1866
1327 1162
2256 989
93 835
2283 1069
1745 1279
2330 2255
3179 1635
3462 1253
3487 1473
3036 69
2766 286
2873 1248
2956 1161
3341 1338
860 1782
643 279
1027 2077
3261 1672
2483 1064
2028 662
1563 193
3331 487
391 849
1446 840
1240 1584
696 630
2282 868
3084 287
234 954
3523 887
3570 1126
399 958
1084 2290
