0 0 2970 4200
100
423 1370
337 943
800 123
603 662
474 138
546 915
108 1346
197 662
392 555
233 954
930 553
1705 291
1272 966
1252 873
1257 400
1514 790
1656 1163
1619 1409
1670 657
1747 596
1153 421
1051 1020
2581 789
2820 533
1996 1283
2674 518
2362 819
2477 1110
2695 1359
2839 130
2547 1267
2798 990
2414 114
187 1688
167 1588
526 1416
437 2622
704 1748
949 2090
290 2215
875 2596
353 2157
685 2026
398 1806
1041 2369
1630 2604
1889 1682
1134 1649
1232 2599
1730 2417
1377 1716
1614 1436
1184 1510
1227 2477
1097 2073
2244 2556
2787 1811
2560 1958
2593 1856
2290 1950
2589 1794
2477 2590
2462 2023
2124 2391
2099 1452
2076 2684
592 3882
913 4113
491 3400
120 3210
235 3791
910 3504
216 2988
976 2802
910 3100
742 2944
344 4035
1320 3610
1129 3136
1755 4044
1780 3318
1370 2997
1232 3699
1500 4077
1773 3818
1617 3714
1151 2830
1424 3842
2576 3822
2300 3171
2832 3392
2241 3812
2656 3133
2377 3605
2444 3200
2635 3366
2446 3129
2219 2983
2683 3591
1796 3704
